# Query Flow FCT Results
# Format: src_node dst_node pg dport flow_size(B) start_time(ns) fct(ns) is_cross_dc
# Note: FCT is compensated for cross-DC flows (subtracts long-distance RTT)
1 9 3 20032 10000000 6000000 4198069 0
62 54 3 20037 10000000 6000000 4555615 0
61 53 3 20036 10000000 6000000 4630261 0
0 8 3 20031 10000000 6000000 5708551 0
6 54 3 20043 10000000 5000000 29518647 1
0 53 3 20041 10000000 5000000 36083326 1
1 53 3 20042 10000000 5000000 36300634 1
2 53 3 20043 10000000 5000000 37266382 1
7 54 3 20044 10000000 5000000 37475883 1
4 54 3 20041 10000000 5000000 37617003 1
5 54 3 20042 10000000 5000000 37722003 1
3 53 3 20044 10000000 5000000 37997098 1
