# Query Flow FCT Results
# Format: src_node dst_node pg dport flow_size(B) start_time(ns) fct(ns) is_cross_dc
# Note: FCT is compensated for cross-DC flows (subtracts long-distance RTT)
1 9 3 20032 10000000 6000000 3543772 0
62 54 3 20037 10000000 6000000 4498456 0
61 53 3 20036 10000000 6000000 4504531 0
0 8 3 20031 10000000 6000000 6408531 0
6 54 3 20043 10000000 5000000 31913965 1
3 53 3 20044 10000000 5000000 35964507 1
1 53 3 20042 10000000 5000000 36244311 1
0 53 3 20041 10000000 5000000 36246159 1
5 54 3 20042 10000000 5000000 37120705 1
4 54 3 20041 10000000 5000000 37612693 1
7 54 3 20044 10000000 5000000 37764481 1
2 53 3 20043 10000000 5000000 37954215 1
