# Query Flow FCT Results
# Format: src_node dst_node pg dport flow_size(B) start_time(ns) fct(ns) is_cross_dc
# Note: FCT is compensated for cross-DC flows (subtracts long-distance RTT)
1 9 3 20032 10000000 6000000 3524199 0
62 54 3 20037 10000000 6000000 4573846 0
61 53 3 20036 10000000 6000000 4598332 0
0 8 3 20031 10000000 6000000 6993837 0
6 54 3 20043 10000000 5000000 32513507 1
3 53 3 20044 10000000 5000000 35007328 1
0 53 3 20041 10000000 5000000 35624056 1
1 53 3 20042 10000000 5000000 35659336 1
5 54 3 20042 10000000 5000000 36492419 1
2 53 3 20043 10000000 5000000 37653328 1
7 54 3 20044 10000000 5000000 37675391 1
4 54 3 20041 10000000 5000000 37715795 1
