# Query Flow FCT Results
# Format: src_node dst_node pg dport flow_size(B) start_time(ns) fct(ns) is_cross_dc
# Note: FCT is compensated for cross-DC flows (subtracts long-distance RTT)
1 9 3 20032 10000000 6000000 4046203 0
62 54 3 20037 10000000 6000000 4573595 0
61 53 3 20036 10000000 6000000 4627168 0
0 8 3 20031 10000000 6000000 5182835 0
6 54 3 20043 10000000 5000000 29667396 1
3 53 3 20044 10000000 5000000 32639566 1
0 53 3 20041 10000000 5000000 35750002 1
1 53 3 20042 10000000 5000000 35913215 1
4 54 3 20041 10000000 5000000 36973212 1
7 54 3 20044 10000000 5000000 37240668 1
2 53 3 20043 10000000 5000000 37443191 1
5 54 3 20042 10000000 5000000 37498044 1
