# Query Flow FCT Results
# Format: src_node dst_node pg dport flow_size(B) start_time(ns) fct(ns) is_cross_dc
# Note: FCT is compensated for cross-DC flows (subtracts long-distance RTT)
1 9 3 20032 10000000 6000000 4311199 0
61 53 3 20036 10000000 6000000 4547264 0
62 54 3 20037 10000000 6000000 4649355 0
0 8 3 20031 10000000 6000000 7943567 0
6 54 3 20043 10000000 5000000 29313816 1
0 53 3 20041 10000000 5000000 36370881 1
1 53 3 20042 10000000 5000000 36371553 1
4 54 3 20041 10000000 5000000 36466752 1
7 54 3 20044 10000000 5000000 37385040 1
5 54 3 20042 10000000 5000000 37765644 1
3 53 3 20044 10000000 5000000 37815681 1
2 53 3 20043 10000000 5000000 38028621 1
